Closure	61	0.9826261276311393	0.5026491198085797	0.6650836725463591
Closure	132	0	0.0	0
Closure	92	0.08960176991150443	0.525974025974026	0.15311909262759926
Closure	50	0.96	0.5106382978723404	0.6666666666666666
Closure	103	0	0.0	0
Closure	32	0.9972451790633609	0.5011867088607594	0.6671054363564565
Closure	105	0.9433962264150944	0.5	0.6535947712418301
Closure	67	0.8955223880597015	0.4878048780487805	0.6315789473684211
Closure	60	0.9467801134467801	1.0	0.9726626103350758
Closure	20	0.9783783783783784	0.5027777777777778	0.6642201834862386
Closure	11	0	0.0	0
Closure	29	0.3356164383561644	0.6049382716049383	0.43171806167400884
Closure	16	0.941025641025641	1.0	0.9696169088507266
Closure	116	0.04885057471264368	0.08095238095238096	0.06093189964157707
Closure	45	0.9318181818181818	0.4823529411764706	0.6356589147286822
Closure	127	0.3333333333333333	0.3111111111111111	0.32183908045977017
Closure	74	0.24705882352941178	0.8076923076923077	0.3783783783783784
Closure	120	0	0.0	0
Closure	6	0.9904091113442229	0.9998487140695915	0.9951065271399533
Closure	26	0.06118045923871167	1.0	0.11530641882079581
Closure	8	0	0.0	0
Closure	86	0.8020096762188315	1.0	0.8901280462618752
Closure	72	0.9952380952380953	0.5	0.6656050955414012
Closure	43	0.9765311043240636	1.0	0.9881262199089135
Closure	117	0	0.0	0
Closure	36	0.3020833333333333	0.25	0.27358490566037735
Closure	131	0.9979906229068989	0.5015146415348367	0.6675627240143369
Closure	62	0.0	0.0	0
Closure	96	0.853431562621171	0.4824638316527839	0.6164402744713626
Closure	54	0	0.0	0
Closure	98	1.0	0.5054054054054054	0.6714542190305206
Closure	53	1.0	0.036036036036036036	0.06956521739130435
Closure	37	0.9831881399969433	1.0	0.9915228113440198
Closure	39	0.8650548214787742	0.4719325153374233	0.6106976282623797
Closure	106	0.9933774834437086	0.5	0.6651884700665188
Closure	52	0.010520778537611783	0.8	0.020768431983385252
Closure	55	0.9791666666666666	1.0	0.9894736842105264
Closure	108	0.9867256637168141	0.5068181818181818	0.6696696696696697
Closure	63	0	0.0	0
Closure	130	0.9948006932409013	1.0	0.9973935708079931
Closure	64	0	0.0	0
Closure	90	0.6808087504143189	0.43992289569500964	0.5344782721831903
Closure	79	0.9922453295734931	0.5009788218544224	0.6657994323557236
Closure	112	0.994413407821229	0.4992209411031474	0.6647302904564316
Closure	41	0.9198365293932725	0.5048309178743962	0.651888158627604
Closure	115	0	0.0	0
Closure	83	0.3333333333333333	0.6	0.42857142857142855
Closure	123	0.9924309884238647	1.0	0.9962011173184357
Closure	48	0.38863783085861847	1.0	0.5597396559739656
Closure	84	0.9054834054834054	0.48709489617698426	0.6334384858044164
Closure	124	0.9810126582278481	1.0	0.9904153354632589
Closure	24	0	0.0	0
Closure	4	0	0.0	0
Closure	15	0.9760479041916168	0.49544072948328266	0.657258064516129
Closure	3	0.9720670391061452	1.0	0.9858356940509915
Closure	12	0.9715909090909091	0.5104477611940299	0.6692759295499022
Closure	85	0	0.0	0
Closure	71	0	0.0	0
Closure	125	0.08212970829793259	0.5731225296442688	0.14367104285360413
Closure	76	0.9532710280373832	1.0	0.9760765550239235
Closure	82	0.9072035231204781	0.49578820697954273	0.6411738550466874
Closure	49	0.9978260869565218	0.5177664974619289	0.681767545488303
Closure	122	0	0.0	0
Closure	40	0.9961685823754789	0.5029013539651838	0.6683804627249357
Closure	114	0.9968652037617555	0.6272189349112426	0.7699757869249395
Closure	47	0.9948536506915406	0.5025182778229083	0.6677461139896373
Closure	113	0.9968944099378882	0.9749430523917996	0.9857965451055662
Closure	78	0	0.0	0
Closure	2	0.9294169872743415	1.0	0.9634174399877291
Closure	13	0.9901315789473685	1.0	0.9950413223140495
Closure	5	0	0.0	0
Closure	14	0.0032943995208146153	1.0	0.006567164179104478
Closure	22	0	0.0	0
Closure	25	0.9979281767955801	0.5010402219140083	0.6671283471837488
Chart	20	0.847972972972973	1.0	0.9177330895795247
Chart	18	0	0.0	0
Chart	9	0.0625	1.0	0.11764705882352941
Chart	11	0.056818181818181816	1.0	0.1075268817204301
Chart	7	0.8	1.0	0.888888888888889
Chart	16	0.3	0.42857142857142855	0.3529411764705882
Chart	6	0.8291666666666667	0.5115681233933161	0.6327503974562797
Chart	17	0	0.0	0
Chart	1	0.043010752688172046	0.10810810810810811	0.06153846153846154
Chart	26	0.0962962962962963	0.7878787878787878	0.17161716171617158
Chart	8	0.0	0.0	0
Chart	21	0	0.0	0
Chart	4	0.1411764705882353	1.0	0.24742268041237114
Chart	15	0	0.0	0
Chart	3	0.0	0.0	0
Chart	12	0.57	1.0	0.7261146496815287
Chart	2	0	0.0	0
Chart	13	0.5714285714285714	0.7142857142857143	0.634920634920635
Chart	5	0.023809523809523808	1.0	0.046511627906976744
Chart	22	0.16666666666666666	1.0	0.2857142857142857
Math	61	0	0.0	0
Math	95	1.0	0.6470588235294118	0.7857142857142858
Math	92	0	0.0	0
Math	103	0.6	0.8571428571428571	0.7058823529411764
Math	32	0.782608695652174	1.0	0.878048780487805
Math	102	0.5333333333333333	0.5714285714285714	0.5517241379310344
Math	69	0.6666666666666666	0.4	0.5
Math	93	0.0	0.0	0
Math	94	0.40594059405940597	0.9111111111111111	0.5616438356164384
Math	34	0	0.0	0
Math	33	0	0.0	0
Math	20	0.6666666666666666	0.5333333333333333	0.5925925925925926
Math	18	0.058823529411764705	0.3333333333333333	0.1
Math	27	0.004784688995215311	1.0	0.009523809523809525
Math	11	0	0.0	0
Math	7	0.8809523809523809	0.6016260162601627	0.7149758454106281
Math	29	0.13157894736842105	0.5555555555555556	0.2127659574468085
Math	16	0.032974910394265235	0.4842105263157895	0.06174496644295303
Math	42	0.8571428571428571	0.6666666666666666	0.75
Math	89	0	0.0	0
Math	45	0.06928406466512702	1.0	0.12958963282937366
Math	87	0.875	0.5	0.6363636363636364
Math	74	0.9642857142857143	0.5294117647058824	0.6835443037974683
Math	6	0.7807017543859649	0.4472361809045226	0.5686900958466453
Math	17	0.32098765432098764	1.0	0.4859813084112149
Math	1	0.980327868852459	1.0	0.990066225165563
Math	26	0.5523809523809524	0.4461538461538462	0.4936170212765958
Math	21	0.2916666666666667	1.0	0.45161290322580644
Math	86	0.6666666666666666	0.6666666666666666	0.6666666666666666
Math	44	0	0.0	0
Math	43	0.7692307692307693	0.5	0.6060606060606061
Math	36	0.13636363636363635	0.15384615384615385	0.14457831325301204
Math	31	0	0.0	0
Math	65	0.7631578947368421	0.47540983606557374	0.5858585858585859
Math	96	0.21621621621621623	0.5517241379310345	0.31067961165048547
Math	100	0.16666666666666666	0.3076923076923077	0.21621621621621623
Math	54	0.30158730158730157	1.0	0.46341463414634143
Math	98	0.017543859649122806	0.25	0.03278688524590164
Math	53	0	0.0	0
Math	30	0.0	0.0	0
Math	37	0.02097902097902098	0.75	0.04081632653061225
Math	39	0.8695652173913043	1.0	0.9302325581395349
Math	99	0.19310344827586207	1.0	0.3236994219653179
Math	52	0.03571428571428571	1.0	0.0689655172413793
Math	101	0.3142857142857143	1.0	0.4782608695652174
Math	55	0.045454545454545456	0.6666666666666666	0.08510638297872342
Math	97	0.4482758620689655	0.41935483870967744	0.4333333333333333
Math	64	0.8888888888888888	0.4897959183673469	0.631578947368421
Math	90	0.7142857142857143	1.0	0.8333333333333333
Math	46	0.021052631578947368	1.0	0.041237113402061855
Math	79	0.00975609756097561	0.6666666666666666	0.019230769230769232
Math	41	0.00904977375565611	1.0	0.017937219730941707
Math	77	0.03757225433526012	1.0	0.07242339832869081
Math	48	0.4444444444444444	0.8	0.5714285714285714
Math	84	0.0	0.0	0
Math	24	0	0.0	0
Math	23	0.3333333333333333	0.3	0.3157894736842105
Math	4	0.8846153846153846	0.5	0.6388888888888888
Math	15	0.04799426934097421	0.9178082191780822	0.09121851599727707
Math	12	0.366	0.6120401337792643	0.45807259073842305
Math	85	0	0.0	0
Math	71	0.8596491228070176	1.0	0.9245283018867925
Math	76	0	0.0	0
Math	49	0	0.0	0
Math	40	0	0.0	0
Math	2	0	0.0	0
Math	13	0.8863636363636364	0.46987951807228917	0.6141732283464567
Math	14	0.9782608695652174	0.5	0.661764705882353
Math	22	0.9069767441860465	0.5909090909090909	0.7155963302752293
Time	20	0	0.0	0
Time	18	0.9058350100603622	1.0	0.9505912162162162
Time	27	0.5230352303523035	0.6498316498316499	0.5795795795795796
Time	9	0	0.0	0
Time	7	0.008882309400444115	0.5217391304347826	0.017467248908296942
Time	16	0.33281972265023113	0.6101694915254238	0.43070787637088737
Time	6	0	0.0	0
Time	17	0.9957894736842106	0.5287870318613751	0.6907630522088354
Time	1	0.9994931576279777	0.5219692959237692	0.685793774995653
Time	10	0	0.0	0
Time	19	0.18944591029023747	1.0	0.318544809228039
Time	26	0.9075451647183846	0.4828951088493073	0.630374607861229
Time	8	0.9565667011375388	0.9959623149394348	0.9758670710800474
Time	21	0	0.0	0
Time	24	0.9614643545279383	0.5076297049847406	0.6644474034620506
Time	23	0.0016797312430011197	0.42857142857142855	0.003346346904629113
Time	4	0.987012987012987	1.0	0.9934640522875817
Time	15	0.0014684287812041115	0.16666666666666666	0.0029112081513828236
Time	3	0.9785768936495792	1.0	0.9891724671307038
Time	2	0.9994931576279777	0.5219692959237692	0.685793774995653
Time	13	0	0.0	0
Time	5	0.005829358770535241	1.0	0.011591148577449948
Time	14	0	0.0	0
Time	22	0.9983461962513782	1.0	0.9991724137931035
Lang	61	0.06521739130434782	0.8571428571428571	0.12121212121212122
Lang	59	0	0.0	0
Lang	50	0.0	0.0	0
Lang	60	0.0	0.0	0
Lang	34	0.5526315789473685	1.0	0.711864406779661
Lang	20	0	0.0	0
Lang	18	0.9583333333333334	1.0	0.9787234042553191
Lang	27	0.034482758620689655	1.0	0.06666666666666667
Lang	9	0	0.0	0
Lang	7	0	0.0	0
Lang	16	0.024390243902439025	0.5	0.046511627906976744
Lang	42	0	0.0	0
Lang	6	0	0.0	0
Lang	28	0	0.0	0
Lang	17	0.9444444444444444	0.5	0.6538461538461539
Lang	1	0.045454545454545456	0.6666666666666666	0.08510638297872342
Lang	10	0	0.0	0
Lang	19	0.8695652173913043	1.0	0.9302325581395349
Lang	26	0.6382978723404256	1.0	0.7792207792207793
Lang	8	0.0	0.0	0
Lang	44	0.0	0.0	0
Lang	36	0.0	0.0	0
Lang	31	0.009950248756218905	1.0	0.019704433497536946
Lang	65	0.19047619047619047	1.0	0.32
Lang	54	0.0	0.0	0
Lang	30	0.08737864077669903	0.9473684210526315	0.16
Lang	37	0	0.0	0
Lang	39	0.0	0.0	0
Lang	55	0.3333333333333333	0.25	0.28571428571428575
Lang	63	0	0.0	0
Lang	64	0.0	0.0	0
Lang	46	0.3333333333333333	0.75	0.46153846153846156
Lang	41	0	0.0	0
Lang	15	0	0.0	0
Lang	3	0	0.0	0
Lang	12	0.0	0.0	0
Lang	40	0	0.0	0
Lang	47	0.0	0.0	0
Lang	2	0.5	0.2	0.28571428571428575
Lang	13	0.1111111111111111	0.4	0.1739130434782609
Lang	5	0.5	0.25	0.3333333333333333
Lang	14	0.00641025641025641	0.0625	0.011627906976744184
Lang	22	0	0.0	0
Mockito	35	0.03322784810126582	1.0	0.06431852986217458
Mockito	34	0	0.0	0
Mockito	20	0.9800307219662059	0.49611197511664074	0.6587506453278266
Mockito	18	0.9099099099099099	0.5044955044955045	0.6491002570694088
Mockito	27	0.8081936685288641	0.5028968713789108	0.62
Mockito	9	0.9864130434782609	1.0	0.9931600547195623
Mockito	11	0.9822616407982262	0.4966367713004484	0.659717051377513
Mockito	7	0.3333333333333333	0.6153846153846154	0.43243243243243246
Mockito	6	0.9853211009174312	0.49907063197026025	0.662553979025293
Mockito	1	0	0.0	0
Mockito	10	1.0	0.5013979496738118	0.6679081315952824
Mockito	26	0.979539641943734	0.496757457846952	0.6592082616179001
Mockito	38	0.9313725490196079	1.0	0.9644670050761421
Mockito	36	0	0.0	0
Mockito	31	0	0.0	0
Mockito	30	0.6629327902240326	1.0	0.7973055725658298
Mockito	24	0	0.0	0
Mockito	23	0.9961685823754789	0.5004812319538018	0.6662395900064063
Mockito	3	0.6376811594202898	0.48427672955974843	0.5504915102770331
Mockito	12	0.6	0.6666666666666666	0.631578947368421
Mockito	2	0.8666666666666667	0.5	0.6341463414634146
Mockito	22	0.49823321554770317	0.5320754716981132	0.5145985401459854
Mockito	25	0	0.0	0
Closure 61 0.9826261276311393 0.5026491198085797 0.6650836725463591
Closure 61 0.9826261276311393 0.5026491198085797 0.6650836725463591
Closure 132 0 0.0 0
Closure 92 0.08960176991150443 0.525974025974026 0.15311909262759926
Closure 50 0.96 0.5106382978723404 0.6666666666666666
Closure 103 0 0.0 0
Closure 32 0.9972451790633609 0.5011867088607594 0.6671054363564565
Closure 105 0.9433962264150944 0.5 0.6535947712418301
Closure 67 0.8955223880597015 0.4878048780487805 0.6315789473684211
Closure 60 0.9467801134467801 1.0 0.9726626103350758
Closure 20 0.9783783783783784 0.5027777777777778 0.6642201834862386
Closure 11 0 0.0 0
Closure 29 0.3356164383561644 0.6049382716049383 0.43171806167400884
Closure 16 0.941025641025641 1.0 0.9696169088507266
Closure 116 0.04885057471264368 0.08095238095238096 0.06093189964157707
Closure 45 0.9318181818181818 0.4823529411764706 0.6356589147286822
Closure 127 0.3333333333333333 0.3111111111111111 0.32183908045977017
Closure 74 0.24705882352941178 0.8076923076923077 0.3783783783783784
Closure 120 0 0.0 0
Closure 6 0.9904091113442229 0.9998487140695915 0.9951065271399533
Closure 26 0.06118045923871167 1.0 0.11530641882079581
Closure 8 0 0.0 0
Closure 86 0.8020096762188315 1.0 0.8901280462618752
Closure 72 0.9952380952380953 0.5 0.6656050955414012
Closure 43 0.9765311043240636 1.0 0.9881262199089135
Closure 117 0 0.0 0
Closure 36 0.3020833333333333 0.25 0.27358490566037735
Closure 131 0.9979906229068989 0.5015146415348367 0.6675627240143369
Closure 62 0.0 0.0 0
Closure 96 0.853431562621171 0.4824638316527839 0.6164402744713626
Closure 54 0 0.0 0
Closure 98 1.0 0.5054054054054054 0.6714542190305206
Closure 53 1.0 0.036036036036036036 0.06956521739130435
Closure 37 0.9831881399969433 1.0 0.9915228113440198
Closure 39 0.8650548214787742 0.4719325153374233 0.6106976282623797
Closure 106 0.9933774834437086 0.5 0.6651884700665188
Closure 52 0.010520778537611783 0.8 0.020768431983385252
Closure 55 0.9791666666666666 1.0 0.9894736842105264
Closure 108 0.9867256637168141 0.5068181818181818 0.6696696696696697
Closure 63 0 0.0 0
Closure 130 0.9948006932409013 1.0 0.9973935708079931
Closure 64 0 0.0 0
Closure 90 0.6808087504143189 0.43992289569500964 0.5344782721831903
Closure 79 0.9922453295734931 0.5009788218544224 0.6657994323557236
Closure 112 0.994413407821229 0.4992209411031474 0.6647302904564316
Closure 41 0.9198365293932725 0.5048309178743962 0.651888158627604
Closure 115 0 0.0 0
Closure 83 0.3333333333333333 0.6 0.42857142857142855
Closure 123 0.9924309884238647 1.0 0.9962011173184357
Closure 48 0.38863783085861847 1.0 0.5597396559739656
Closure 84 0.9054834054834054 0.48709489617698426 0.6334384858044164
Closure 124 0.9810126582278481 1.0 0.9904153354632589
Closure 24 0 0.0 0
Closure 4 0 0.0 0
Closure 15 0.9760479041916168 0.49544072948328266 0.657258064516129
Closure 3 0.9720670391061452 1.0 0.9858356940509915
Closure 12 0.9715909090909091 0.5104477611940299 0.6692759295499022
Closure 85 0 0.0 0
Closure 71 0 0.0 0
Closure 125 0.08212970829793259 0.5731225296442688 0.14367104285360413
Closure 76 0.9532710280373832 1.0 0.9760765550239235
Closure 82 0.9072035231204781 0.49578820697954273 0.6411738550466874
Closure 49 0.9978260869565218 0.5177664974619289 0.681767545488303
Closure 122 0 0.0 0
Closure 40 0.9961685823754789 0.5029013539651838 0.6683804627249357
Closure 114 0.9968652037617555 0.6272189349112426 0.7699757869249395
Closure 47 0.9948536506915406 0.5025182778229083 0.6677461139896373
Closure 113 0.9968944099378882 0.9749430523917996 0.9857965451055662
Closure 78 0 0.0 0
Closure 2 0.9294169872743415 1.0 0.9634174399877291
Closure 13 0.9901315789473685 1.0 0.9950413223140495
Closure 5 0 0.0 0
Closure 14 0.0032943995208146153 1.0 0.006567164179104478
Closure 22 0 0.0 0
Closure 25 0.9979281767955801 0.5010402219140083 0.6671283471837488
Chart 20 0.847972972972973 1.0 0.9177330895795247
Chart 18 0 0.0 0
Chart 9 0.0625 1.0 0.11764705882352941
Chart 11 0.056818181818181816 1.0 0.1075268817204301
Chart 7 0.8 1.0 0.888888888888889
Chart 16 0.3 0.42857142857142855 0.3529411764705882
Chart 6 0.8291666666666667 0.5115681233933161 0.6327503974562797
Chart 17 0 0.0 0
Chart 1 0.043010752688172046 0.10810810810810811 0.06153846153846154
Chart 26 0.0962962962962963 0.7878787878787878 0.17161716171617158
Chart 8 0.0 0.0 0
Chart 21 0 0.0 0
Chart 4 0.1411764705882353 1.0 0.24742268041237114
Chart 15 0 0.0 0
Chart 3 0.0 0.0 0
Chart 12 0.57 1.0 0.7261146496815287
Chart 2 0 0.0 0
Chart 13 0.5714285714285714 0.7142857142857143 0.634920634920635
Chart 5 0.023809523809523808 1.0 0.046511627906976744
Chart 22 0.16666666666666666 1.0 0.2857142857142857
Math 61 0 0.0 0
Math 95 1.0 0.6470588235294118 0.7857142857142858
Math 92 0 0.0 0
Math 103 0.6 0.8571428571428571 0.7058823529411764
Math 32 0.782608695652174 1.0 0.878048780487805
Math 102 0.5333333333333333 0.5714285714285714 0.5517241379310344
Math 69 0.6666666666666666 0.4 0.5
Math 93 0.0 0.0 0
Math 94 0.40594059405940597 0.9111111111111111 0.5616438356164384
Math 34 0 0.0 0
Math 33 0 0.0 0
Math 20 0.6666666666666666 0.5333333333333333 0.5925925925925926
Math 18 0.058823529411764705 0.3333333333333333 0.1
Math 27 0.004784688995215311 1.0 0.009523809523809525
Math 11 0 0.0 0
Math 7 0.8809523809523809 0.6016260162601627 0.7149758454106281
Math 29 0.13157894736842105 0.5555555555555556 0.2127659574468085
Math 16 0.032974910394265235 0.4842105263157895 0.06174496644295303
Math 42 0.8571428571428571 0.6666666666666666 0.75
Math 89 0 0.0 0
Math 45 0.06928406466512702 1.0 0.12958963282937366
Math 87 0.875 0.5 0.6363636363636364
Math 74 0.9642857142857143 0.5294117647058824 0.6835443037974683
Math 6 0.7807017543859649 0.4472361809045226 0.5686900958466453
Math 17 0.32098765432098764 1.0 0.4859813084112149
Math 1 0.980327868852459 1.0 0.990066225165563
Math 26 0.5523809523809524 0.4461538461538462 0.4936170212765958
Math 21 0.2916666666666667 1.0 0.45161290322580644
Math 86 0.6666666666666666 0.6666666666666666 0.6666666666666666
Math 44 0 0.0 0
Math 43 0.7692307692307693 0.5 0.6060606060606061
Math 36 0.13636363636363635 0.15384615384615385 0.14457831325301204
Math 31 0 0.0 0
Math 65 0.7631578947368421 0.47540983606557374 0.5858585858585859
Math 96 0.21621621621621623 0.5517241379310345 0.31067961165048547
Math 100 0.16666666666666666 0.3076923076923077 0.21621621621621623
Math 54 0.30158730158730157 1.0 0.46341463414634143
Math 98 0.017543859649122806 0.25 0.03278688524590164
Math 53 0 0.0 0
Math 30 0.0 0.0 0
Math 37 0.02097902097902098 0.75 0.04081632653061225
Math 39 0.8695652173913043 1.0 0.9302325581395349
Math 99 0.19310344827586207 1.0 0.3236994219653179
Math 52 0.03571428571428571 1.0 0.0689655172413793
Math 101 0.3142857142857143 1.0 0.4782608695652174
Math 55 0.045454545454545456 0.6666666666666666 0.08510638297872342
Math 97 0.4482758620689655 0.41935483870967744 0.4333333333333333
Math 64 0.8888888888888888 0.4897959183673469 0.631578947368421
Math 90 0.7142857142857143 1.0 0.8333333333333333
Math 46 0.021052631578947368 1.0 0.041237113402061855
Math 79 0.00975609756097561 0.6666666666666666 0.019230769230769232
Math 41 0.00904977375565611 1.0 0.017937219730941707
Math 77 0.03757225433526012 1.0 0.07242339832869081
Math 48 0.4444444444444444 0.8 0.5714285714285714
Math 84 0.0 0.0 0
Math 24 0 0.0 0
Math 23 0.3333333333333333 0.3 0.3157894736842105
Math 4 0.8846153846153846 0.5 0.6388888888888888
Math 15 0.04799426934097421 0.9178082191780822 0.09121851599727707
Math 12 0.366 0.6120401337792643 0.45807259073842305
Math 85 0 0.0 0
Math 71 0.8596491228070176 1.0 0.9245283018867925
Math 76 0 0.0 0
Math 49 0 0.0 0
Math 40 0 0.0 0
Math 2 0 0.0 0
Math 13 0.8863636363636364 0.46987951807228917 0.6141732283464567
Math 14 0.9782608695652174 0.5 0.661764705882353
Math 22 0.9069767441860465 0.5909090909090909 0.7155963302752293
Time 20 0 0.0 0
Time 18 0.9058350100603622 1.0 0.9505912162162162
Time 27 0.5230352303523035 0.6498316498316499 0.5795795795795796
Time 9 0 0.0 0
Time 7 0.008882309400444115 0.5217391304347826 0.017467248908296942
Time 16 0.33281972265023113 0.6101694915254238 0.43070787637088737
Time 6 0 0.0 0
Time 17 0.9957894736842106 0.5287870318613751 0.6907630522088354
Time 1 0.9994931576279777 0.5219692959237692 0.685793774995653
Time 10 0 0.0 0
Time 19 0.18944591029023747 1.0 0.318544809228039
Time 26 0.9075451647183846 0.4828951088493073 0.630374607861229
Time 8 0.9565667011375388 0.9959623149394348 0.9758670710800474
Time 21 0 0.0 0
Time 24 0.9614643545279383 0.5076297049847406 0.6644474034620506
Time 23 0.0016797312430011197 0.42857142857142855 0.003346346904629113
Time 4 0.987012987012987 1.0 0.9934640522875817
Time 15 0.0014684287812041115 0.16666666666666666 0.0029112081513828236
Time 3 0.9785768936495792 1.0 0.9891724671307038
Time 2 0.9994931576279777 0.5219692959237692 0.685793774995653
Time 13 0 0.0 0
Time 5 0.005829358770535241 1.0 0.011591148577449948
Time 14 0 0.0 0
Time 22 0.9983461962513782 1.0 0.9991724137931035
Lang 61 0.06521739130434782 0.8571428571428571 0.12121212121212122
Lang 59 0 0.0 0
Lang 50 0.0 0.0 0
Lang 60 0.0 0.0 0
Lang 34 0.5526315789473685 1.0 0.711864406779661
Lang 20 0 0.0 0
Lang 18 0.9583333333333334 1.0 0.9787234042553191
Lang 27 0.034482758620689655 1.0 0.06666666666666667
Lang 9 0 0.0 0
Lang 7 0 0.0 0
Lang 16 0.024390243902439025 0.5 0.046511627906976744
Lang 42 0 0.0 0
Lang 6 0 0.0 0
Lang 28 0 0.0 0
Lang 17 0.9444444444444444 0.5 0.6538461538461539
Lang 1 0.045454545454545456 0.6666666666666666 0.08510638297872342
Lang 10 0 0.0 0
Lang 19 0.8695652173913043 1.0 0.9302325581395349
Lang 26 0.6382978723404256 1.0 0.7792207792207793
Lang 8 0.0 0.0 0
Lang 44 0.0 0.0 0
Lang 36 0.0 0.0 0
Lang 31 0.009950248756218905 1.0 0.019704433497536946
Lang 65 0.19047619047619047 1.0 0.32
Lang 54 0.0 0.0 0
Lang 30 0.08737864077669903 0.9473684210526315 0.16
Lang 37 0 0.0 0
Lang 39 0.0 0.0 0
Lang 55 0.3333333333333333 0.25 0.28571428571428575
Lang 63 0 0.0 0
Lang 64 0.0 0.0 0
Lang 46 0.3333333333333333 0.75 0.46153846153846156
Lang 41 0 0.0 0
Lang 15 0 0.0 0
Lang 3 0 0.0 0
Lang 12 0.0 0.0 0
Lang 40 0 0.0 0
Lang 47 0.0 0.0 0
Lang 2 0.5 0.2 0.28571428571428575
Lang 13 0.1111111111111111 0.4 0.1739130434782609
Lang 5 0.5 0.25 0.3333333333333333
Lang 14 0.00641025641025641 0.0625 0.011627906976744184
Lang 22 0 0.0 0
Mockito 35 0.03322784810126582 1.0 0.06431852986217458
Mockito 34 0 0.0 0
Mockito 20 0.9800307219662059 0.49611197511664074 0.6587506453278266
Mockito 18 0.9099099099099099 0.5044955044955045 0.6491002570694088
Mockito 27 0.8081936685288641 0.5028968713789108 0.62
Mockito 9 0.9864130434782609 1.0 0.9931600547195623
Mockito 11 0.9822616407982262 0.4966367713004484 0.659717051377513
Mockito 7 0.3333333333333333 0.6153846153846154 0.43243243243243246
Mockito 6 0.9853211009174312 0.49907063197026025 0.662553979025293
Mockito 1 0 0.0 0
Mockito 10 1.0 0.5013979496738118 0.6679081315952824
Mockito 26 0.979539641943734 0.496757457846952 0.6592082616179001
Mockito 38 0.9313725490196079 1.0 0.9644670050761421
Mockito 36 0 0.0 0
Mockito 31 0 0.0 0
Mockito 30 0.6629327902240326 1.0 0.7973055725658298
Mockito 24 0 0.0 0
Mockito 23 0.9961685823754789 0.5004812319538018 0.6662395900064063
Mockito 3 0.6376811594202898 0.48427672955974843 0.5504915102770331
Mockito 12 0.6 0.6666666666666666 0.631578947368421
Mockito 2 0.8666666666666667 0.5 0.6341463414634146
Mockito 22 0.49823321554770317 0.5320754716981132 0.5145985401459854
Mockito 25 0 0.0 0
Closure 61 0.9826261276311393 0.5026491198085797 0.6650836725463591
Closure 132 0 0.0 0
Closure 92 0.08960176991150443 0.525974025974026 0.15311909262759926
Closure 50 0.96 0.5106382978723404 0.6666666666666666
Closure 103 0 0.0 0
Closure 32 0.9972451790633609 0.5011867088607594 0.6671054363564565
Closure 105 0.9433962264150944 0.5 0.6535947712418301
Closure 67 0.8955223880597015 0.4878048780487805 0.6315789473684211
Closure 60 0.9467801134467801 1.0 0.9726626103350758
Closure 20 0.9783783783783784 0.5027777777777778 0.6642201834862386
Closure 11 0 0.0 0
Closure 29 0.3356164383561644 0.6049382716049383 0.43171806167400884
Closure 16 0.941025641025641 1.0 0.9696169088507266
Closure 116 0.04885057471264368 0.08095238095238096 0.06093189964157707
Closure 45 0.9318181818181818 0.4823529411764706 0.6356589147286822
Closure 127 0.3333333333333333 0.3111111111111111 0.32183908045977017
Closure 74 0.24705882352941178 0.8076923076923077 0.3783783783783784
Closure 120 0 0.0 0
Closure 6 0.9904091113442229 0.9998487140695915 0.9951065271399533
Closure 26 0.06118045923871167 1.0 0.11530641882079581
Closure 8 0 0.0 0
Closure 86 0.8020096762188315 1.0 0.8901280462618752
Closure 72 0.9952380952380953 0.5 0.6656050955414012
Closure 43 0.9765311043240636 1.0 0.9881262199089135
Closure 117 0 0.0 0
Closure 36 0.3020833333333333 0.25 0.27358490566037735
Closure 131 0.9979906229068989 0.5015146415348367 0.6675627240143369
Closure 62 0.0 0.0 0
Closure 96 0.853431562621171 0.4824638316527839 0.6164402744713626
Closure 54 0 0.0 0
Closure 98 1.0 0.5054054054054054 0.6714542190305206
Closure 53 1.0 0.036036036036036036 0.06956521739130435
Closure 37 0.9831881399969433 1.0 0.9915228113440198
Closure 39 0.8650548214787742 0.4719325153374233 0.6106976282623797
Closure 106 0.9933774834437086 0.5 0.6651884700665188
Closure 52 0.010520778537611783 0.8 0.020768431983385252
Closure 55 0.9791666666666666 1.0 0.9894736842105264
Closure 108 0.9867256637168141 0.5068181818181818 0.6696696696696697
Closure 63 0 0.0 0
Closure 130 0.9948006932409013 1.0 0.9973935708079931
Closure 64 0 0.0 0
Closure 90 0.6808087504143189 0.43992289569500964 0.5344782721831903
Closure 79 0.9922453295734931 0.5009788218544224 0.6657994323557236
Closure 112 0.994413407821229 0.4992209411031474 0.6647302904564316
Closure 41 0.9198365293932725 0.5048309178743962 0.651888158627604
Closure 115 0 0.0 0
Closure 83 0.3333333333333333 0.6 0.42857142857142855
Closure 123 0.9924309884238647 1.0 0.9962011173184357
Closure 48 0.38863783085861847 1.0 0.5597396559739656
Closure 84 0.9054834054834054 0.48709489617698426 0.6334384858044164
Closure 124 0.9810126582278481 1.0 0.9904153354632589
Closure 24 0 0.0 0
Closure 4 0 0.0 0
Closure 15 0.9760479041916168 0.49544072948328266 0.657258064516129
Closure 3 0.9720670391061452 1.0 0.9858356940509915
Closure 12 0.9715909090909091 0.5104477611940299 0.6692759295499022
Closure 85 0 0.0 0
Closure 71 0 0.0 0
Closure 125 0.08212970829793259 0.5731225296442688 0.14367104285360413
Closure 76 0.9532710280373832 1.0 0.9760765550239235
Closure 82 0.9072035231204781 0.49578820697954273 0.6411738550466874
Closure 49 0.9978260869565218 0.5177664974619289 0.681767545488303
Closure 122 0 0.0 0
Closure 40 0.9961685823754789 0.5029013539651838 0.6683804627249357
Closure 114 0.9968652037617555 0.6272189349112426 0.7699757869249395
Closure 47 0.9948536506915406 0.5025182778229083 0.6677461139896373
Closure 113 0.9968944099378882 0.9749430523917996 0.9857965451055662
Closure 78 0 0.0 0
Closure 2 0.9294169872743415 1.0 0.9634174399877291
Closure 13 0.9901315789473685 1.0 0.9950413223140495
Closure 5 0 0.0 0
Closure 14 0.0032943995208146153 1.0 0.006567164179104478
Closure 22 0 0.0 0
Closure 25 0.9979281767955801 0.5010402219140083 0.6671283471837488
Chart 20 0.847972972972973 1.0 0.9177330895795247
Chart 18 0 0.0 0
Chart 9 0.0625 1.0 0.11764705882352941
Chart 11 0.056818181818181816 1.0 0.1075268817204301
Chart 7 0.8 1.0 0.888888888888889
Chart 16 0.3 0.42857142857142855 0.3529411764705882
Chart 6 0.8291666666666667 0.5115681233933161 0.6327503974562797
Chart 17 0 0.0 0
Chart 1 0.043010752688172046 0.10810810810810811 0.06153846153846154
Chart 26 0.0962962962962963 0.7878787878787878 0.17161716171617158
Chart 8 0.0 0.0 0
Chart 21 0 0.0 0
Chart 4 0.1411764705882353 1.0 0.24742268041237114
Chart 15 0 0.0 0
Chart 3 0.0 0.0 0
Chart 12 0.57 1.0 0.7261146496815287
Chart 2 0 0.0 0
Chart 13 0.5714285714285714 0.7142857142857143 0.634920634920635
Chart 5 0.023809523809523808 1.0 0.046511627906976744
Chart 22 0.16666666666666666 1.0 0.2857142857142857
Math 61 0 0.0 0
Math 95 1.0 0.6470588235294118 0.7857142857142858
Math 92 0 0.0 0
Math 103 0.6 0.8571428571428571 0.7058823529411764
Math 32 0.782608695652174 1.0 0.878048780487805
Math 102 0.5333333333333333 0.5714285714285714 0.5517241379310344
Math 69 0.6666666666666666 0.4 0.5
Math 93 0.0 0.0 0
Math 94 0.40594059405940597 0.9111111111111111 0.5616438356164384
Math 34 0 0.0 0
Math 33 0 0.0 0
Math 20 0.6666666666666666 0.5333333333333333 0.5925925925925926
Math 18 0.058823529411764705 0.3333333333333333 0.1
Math 27 0.004784688995215311 1.0 0.009523809523809525
Math 11 0 0.0 0
Math 7 0.8809523809523809 0.6016260162601627 0.7149758454106281
Math 29 0.13157894736842105 0.5555555555555556 0.2127659574468085
Math 16 0.032974910394265235 0.4842105263157895 0.06174496644295303
Math 42 0.8571428571428571 0.6666666666666666 0.75
Math 89 0 0.0 0
Math 45 0.06928406466512702 1.0 0.12958963282937366
Math 87 0.875 0.5 0.6363636363636364
Math 74 0.9642857142857143 0.5294117647058824 0.6835443037974683
Math 6 0.7807017543859649 0.4472361809045226 0.5686900958466453
Math 17 0.32098765432098764 1.0 0.4859813084112149
Math 1 0.980327868852459 1.0 0.990066225165563
Math 26 0.5523809523809524 0.4461538461538462 0.4936170212765958
Math 21 0.2916666666666667 1.0 0.45161290322580644
Math 86 0.6666666666666666 0.6666666666666666 0.6666666666666666
Math 44 0 0.0 0
Math 43 0.7692307692307693 0.5 0.6060606060606061
Math 36 0.13636363636363635 0.15384615384615385 0.14457831325301204
Math 31 0 0.0 0
Math 65 0.7631578947368421 0.47540983606557374 0.5858585858585859
Math 96 0.21621621621621623 0.5517241379310345 0.31067961165048547
Math 100 0.16666666666666666 0.3076923076923077 0.21621621621621623
Math 54 0.30158730158730157 1.0 0.46341463414634143
Math 98 0.017543859649122806 0.25 0.03278688524590164
Math 53 0 0.0 0
Math 30 0.0 0.0 0
Math 37 0.02097902097902098 0.75 0.04081632653061225
Math 39 0.8695652173913043 1.0 0.9302325581395349
Math 99 0.19310344827586207 1.0 0.3236994219653179
Math 52 0.03571428571428571 1.0 0.0689655172413793
Math 101 0.3142857142857143 1.0 0.4782608695652174
Math 55 0.045454545454545456 0.6666666666666666 0.08510638297872342
Math 97 0.4482758620689655 0.41935483870967744 0.4333333333333333
Math 64 0.8888888888888888 0.4897959183673469 0.631578947368421
Math 90 0.7142857142857143 1.0 0.8333333333333333
Math 46 0.021052631578947368 1.0 0.041237113402061855
Math 79 0.00975609756097561 0.6666666666666666 0.019230769230769232
Math 41 0.00904977375565611 1.0 0.017937219730941707
Math 77 0.03757225433526012 1.0 0.07242339832869081
Math 48 0.4444444444444444 0.8 0.5714285714285714
Math 84 0.0 0.0 0
Math 24 0 0.0 0
Math 23 0.3333333333333333 0.3 0.3157894736842105
Math 4 0.8846153846153846 0.5 0.6388888888888888
Math 15 0.04799426934097421 0.9178082191780822 0.09121851599727707
Math 12 0.366 0.6120401337792643 0.45807259073842305
Math 85 0 0.0 0
Math 71 0.8596491228070176 1.0 0.9245283018867925
Math 76 0 0.0 0
Math 49 0 0.0 0
Math 40 0 0.0 0
Math 2 0 0.0 0
Math 13 0.8863636363636364 0.46987951807228917 0.6141732283464567
Math 14 0.9782608695652174 0.5 0.661764705882353
Math 22 0.9069767441860465 0.5909090909090909 0.7155963302752293
Time 20 0 0.0 0
Time 18 0.9058350100603622 1.0 0.9505912162162162
Time 27 0.5230352303523035 0.6498316498316499 0.5795795795795796
Time 9 0 0.0 0
Time 7 0.008882309400444115 0.5217391304347826 0.017467248908296942
Time 16 0.33281972265023113 0.6101694915254238 0.43070787637088737
Time 6 0 0.0 0
Time 17 0.9957894736842106 0.5287870318613751 0.6907630522088354
Time 1 0.9994931576279777 0.5219692959237692 0.685793774995653
Time 10 0 0.0 0
Time 19 0.18944591029023747 1.0 0.318544809228039
Time 26 0.9075451647183846 0.4828951088493073 0.630374607861229
Time 8 0.9565667011375388 0.9959623149394348 0.9758670710800474
Time 21 0 0.0 0
Time 24 0.9614643545279383 0.5076297049847406 0.6644474034620506
Time 23 0.0016797312430011197 0.42857142857142855 0.003346346904629113
Time 4 0.987012987012987 1.0 0.9934640522875817
Time 15 0.0014684287812041115 0.16666666666666666 0.0029112081513828236
Time 3 0.9785768936495792 1.0 0.9891724671307038
Time 2 0.9994931576279777 0.5219692959237692 0.685793774995653
Time 13 0 0.0 0
Time 5 0.005829358770535241 1.0 0.011591148577449948
Time 14 0 0.0 0
Time 22 0.9983461962513782 1.0 0.9991724137931035
Lang 61 0.06521739130434782 0.8571428571428571 0.12121212121212122
Lang 59 0 0.0 0
Lang 50 0.0 0.0 0
Lang 60 0.0 0.0 0
Lang 34 0.5526315789473685 1.0 0.711864406779661
Lang 20 0 0.0 0
Lang 18 0.9583333333333334 1.0 0.9787234042553191
Lang 27 0.034482758620689655 1.0 0.06666666666666667
Lang 9 0 0.0 0
Lang 7 0 0.0 0
Lang 16 0.024390243902439025 0.5 0.046511627906976744
Lang 42 0 0.0 0
Lang 6 0 0.0 0
Lang 28 0 0.0 0
Lang 17 0.9444444444444444 0.5 0.6538461538461539
Lang 1 0.045454545454545456 0.6666666666666666 0.08510638297872342
Lang 10 0 0.0 0
Lang 19 0.8695652173913043 1.0 0.9302325581395349
Lang 26 0.6382978723404256 1.0 0.7792207792207793
Lang 8 0.0 0.0 0
Lang 44 0.0 0.0 0
Lang 36 0.0 0.0 0
Lang 31 0.009950248756218905 1.0 0.019704433497536946
Lang 65 0.19047619047619047 1.0 0.32
Lang 54 0.0 0.0 0
Lang 30 0.08737864077669903 0.9473684210526315 0.16
Lang 37 0 0.0 0
Lang 39 0.0 0.0 0
Lang 55 0.3333333333333333 0.25 0.28571428571428575
Lang 63 0 0.0 0
Lang 64 0.0 0.0 0
Lang 46 0.3333333333333333 0.75 0.46153846153846156
Lang 41 0 0.0 0
Lang 15 0 0.0 0
Lang 3 0 0.0 0
Lang 12 0.0 0.0 0
Lang 40 0 0.0 0
Lang 47 0.0 0.0 0
Lang 2 0.5 0.2 0.28571428571428575
Lang 13 0.1111111111111111 0.4 0.1739130434782609
Lang 5 0.5 0.25 0.3333333333333333
Lang 14 0.00641025641025641 0.0625 0.011627906976744184
Lang 22 0 0.0 0
Mockito 35 0.03322784810126582 1.0 0.06431852986217458
Mockito 34 0 0.0 0
Mockito 20 0.9800307219662059 0.49611197511664074 0.6587506453278266
Mockito 18 0.9099099099099099 0.5044955044955045 0.6491002570694088
Mockito 27 0.8081936685288641 0.5028968713789108 0.62
Mockito 9 0.9864130434782609 1.0 0.9931600547195623
Mockito 11 0.9822616407982262 0.4966367713004484 0.659717051377513
Mockito 7 0.3333333333333333 0.6153846153846154 0.43243243243243246
Mockito 6 0.9853211009174312 0.49907063197026025 0.662553979025293
Mockito 1 0 0.0 0
Mockito 10 1.0 0.5013979496738118 0.6679081315952824
Mockito 26 0.979539641943734 0.496757457846952 0.6592082616179001
Mockito 38 0.9313725490196079 1.0 0.9644670050761421
Mockito 36 0 0.0 0
Mockito 31 0 0.0 0
Mockito 30 0.6629327902240326 1.0 0.7973055725658298
Mockito 24 0 0.0 0
Mockito 23 0.9961685823754789 0.5004812319538018 0.6662395900064063
Mockito 3 0.6376811594202898 0.48427672955974843 0.5504915102770331
Mockito 12 0.6 0.6666666666666666 0.631578947368421
Mockito 2 0.8666666666666667 0.5 0.6341463414634146
Mockito 22 0.49823321554770317 0.5320754716981132 0.5145985401459854
Mockito 25 0 0.0 0
Closure 61 0.9826261276311393 0.5026491198085797 0.6650836725463591
Closure 132 0 0.0 0
Closure 92 0.08960176991150443 0.525974025974026 0.15311909262759926
Closure 50 0.96 0.5106382978723404 0.6666666666666666
Closure 103 0 0.0 0
Closure 32 0.9972451790633609 0.5011867088607594 0.6671054363564565
Closure 105 0.9433962264150944 0.5 0.6535947712418301
Closure 67 0.8955223880597015 0.4878048780487805 0.6315789473684211
Closure 60 0.9467801134467801 1.0 0.9726626103350758
Closure 20 0.9783783783783784 0.5027777777777778 0.6642201834862386
Closure 11 0 0.0 0
Closure 29 0.3356164383561644 0.6049382716049383 0.43171806167400884
Closure 16 0.941025641025641 1.0 0.9696169088507266
Closure 116 0.04885057471264368 0.08095238095238096 0.06093189964157707
Closure 45 0.9318181818181818 0.4823529411764706 0.6356589147286822
Closure 127 0.3333333333333333 0.3111111111111111 0.32183908045977017
Closure 74 0.24705882352941178 0.8076923076923077 0.3783783783783784
Closure 120 0 0.0 0
Closure 6 0.9904091113442229 0.9998487140695915 0.9951065271399533
Closure 26 0.06118045923871167 1.0 0.11530641882079581
Closure 8 0 0.0 0
Closure 86 0.8020096762188315 1.0 0.8901280462618752
Closure 72 0.9952380952380953 0.5 0.6656050955414012
Closure 43 0.9765311043240636 1.0 0.9881262199089135
Closure 117 0 0.0 0
Closure 36 0.3020833333333333 0.25 0.27358490566037735
Closure 131 0.9979906229068989 0.5015146415348367 0.6675627240143369
Closure 62 0.0 0.0 0
Closure 96 0.853431562621171 0.4824638316527839 0.6164402744713626
Closure 54 0 0.0 0
Closure 98 1.0 0.5054054054054054 0.6714542190305206
Closure 53 1.0 0.036036036036036036 0.06956521739130435
Closure 37 0.9831881399969433 1.0 0.9915228113440198
Closure 39 0.8650548214787742 0.4719325153374233 0.6106976282623797
Closure 106 0.9933774834437086 0.5 0.6651884700665188
Closure 52 0.010520778537611783 0.8 0.020768431983385252
Closure 55 0.9791666666666666 1.0 0.9894736842105264
Closure 108 0.9867256637168141 0.5068181818181818 0.6696696696696697
Closure 63 0 0.0 0
Closure 130 0.9948006932409013 1.0 0.9973935708079931
Closure 64 0 0.0 0
Closure 90 0.6808087504143189 0.43992289569500964 0.5344782721831903
Closure 79 0.9922453295734931 0.5009788218544224 0.6657994323557236
Closure 112 0.994413407821229 0.4992209411031474 0.6647302904564316
Closure 41 0.9198365293932725 0.5048309178743962 0.651888158627604
Closure 115 0 0.0 0
Closure 83 0.3333333333333333 0.6 0.42857142857142855
Closure 123 0.9924309884238647 1.0 0.9962011173184357
Closure 48 0.38863783085861847 1.0 0.5597396559739656
Closure 84 0.9054834054834054 0.48709489617698426 0.6334384858044164
Closure 124 0.9810126582278481 1.0 0.9904153354632589
Closure 24 0 0.0 0
Closure 4 0 0.0 0
Closure 15 0.9760479041916168 0.49544072948328266 0.657258064516129
Closure 3 0.9720670391061452 1.0 0.9858356940509915
Closure 12 0.9715909090909091 0.5104477611940299 0.6692759295499022
Closure 85 0 0.0 0
Closure 71 0 0.0 0
Closure 125 0.08212970829793259 0.5731225296442688 0.14367104285360413
Closure 76 0.9532710280373832 1.0 0.9760765550239235
Closure 82 0.9072035231204781 0.49578820697954273 0.6411738550466874
Closure 49 0.9978260869565218 0.5177664974619289 0.681767545488303
Closure 122 0 0.0 0
Closure 40 0.9961685823754789 0.5029013539651838 0.6683804627249357
Closure 114 0.9968652037617555 0.6272189349112426 0.7699757869249395
Closure 47 0.9948536506915406 0.5025182778229083 0.6677461139896373
Closure 113 0.9968944099378882 0.9749430523917996 0.9857965451055662
Closure 78 0 0.0 0
Closure 2 0.9294169872743415 1.0 0.9634174399877291
Closure 13 0.9901315789473685 1.0 0.9950413223140495
Closure 5 0 0.0 0
Closure 14 0.0032943995208146153 1.0 0.006567164179104478
Closure 22 0 0.0 0
Closure 25 0.9979281767955801 0.5010402219140083 0.6671283471837488
Chart 20 0.847972972972973 1.0 0.9177330895795247
Chart 18 0 0.0 0
Chart 9 0.0625 1.0 0.11764705882352941
Chart 11 0.056818181818181816 1.0 0.1075268817204301
Chart 7 0.8 1.0 0.888888888888889
Chart 16 0.3 0.42857142857142855 0.3529411764705882
Chart 6 0.8291666666666667 0.5115681233933161 0.6327503974562797
Chart 17 0 0.0 0
Chart 1 0.043010752688172046 0.10810810810810811 0.06153846153846154
Chart 26 0.0962962962962963 0.7878787878787878 0.17161716171617158
Chart 8 0.0 0.0 0
Chart 21 0 0.0 0
Chart 4 0.1411764705882353 1.0 0.24742268041237114
Chart 15 0 0.0 0
Chart 3 0.0 0.0 0
Chart 12 0.57 1.0 0.7261146496815287
Chart 2 0 0.0 0
Chart 13 0.5714285714285714 0.7142857142857143 0.634920634920635
Chart 5 0.023809523809523808 1.0 0.046511627906976744
Chart 22 0.16666666666666666 1.0 0.2857142857142857
Math 61 0 0.0 0
Math 95 1.0 0.6470588235294118 0.7857142857142858
Math 92 0 0.0 0
Math 103 0.6 0.8571428571428571 0.7058823529411764
Math 32 0.782608695652174 1.0 0.878048780487805
Math 102 0.5333333333333333 0.5714285714285714 0.5517241379310344
Math 69 0.6666666666666666 0.4 0.5
Math 93 0.0 0.0 0
Math 94 0.40594059405940597 0.9111111111111111 0.5616438356164384
Math 34 0 0.0 0
Math 33 0 0.0 0
Math 20 0.6666666666666666 0.5333333333333333 0.5925925925925926
Math 18 0.058823529411764705 0.3333333333333333 0.1
Math 27 0.004784688995215311 1.0 0.009523809523809525
Math 11 0 0.0 0
Math 7 0.8809523809523809 0.6016260162601627 0.7149758454106281
Math 29 0.13157894736842105 0.5555555555555556 0.2127659574468085
Math 16 0.032974910394265235 0.4842105263157895 0.06174496644295303
Math 42 0.8571428571428571 0.6666666666666666 0.75
Math 89 0 0.0 0
Math 45 0.06928406466512702 1.0 0.12958963282937366
Math 87 0.875 0.5 0.6363636363636364
Math 74 0.9642857142857143 0.5294117647058824 0.6835443037974683
Math 6 0.7807017543859649 0.4472361809045226 0.5686900958466453
Math 17 0.32098765432098764 1.0 0.4859813084112149
Math 1 0.980327868852459 1.0 0.990066225165563
Math 26 0.5523809523809524 0.4461538461538462 0.4936170212765958
Math 21 0.2916666666666667 1.0 0.45161290322580644
Math 86 0.6666666666666666 0.6666666666666666 0.6666666666666666
Math 44 0 0.0 0
Math 43 0.7692307692307693 0.5 0.6060606060606061
Math 36 0.13636363636363635 0.15384615384615385 0.14457831325301204
Math 31 0 0.0 0
Math 65 0.7631578947368421 0.47540983606557374 0.5858585858585859
Math 96 0.21621621621621623 0.5517241379310345 0.31067961165048547
Math 100 0.16666666666666666 0.3076923076923077 0.21621621621621623
Math 54 0.30158730158730157 1.0 0.46341463414634143
Math 98 0.017543859649122806 0.25 0.03278688524590164
Math 53 0 0.0 0
Math 30 0.0 0.0 0
Math 37 0.02097902097902098 0.75 0.04081632653061225
Math 39 0.8695652173913043 1.0 0.9302325581395349
Math 99 0.19310344827586207 1.0 0.3236994219653179
Math 52 0.03571428571428571 1.0 0.0689655172413793
Math 101 0.3142857142857143 1.0 0.4782608695652174
Math 55 0.045454545454545456 0.6666666666666666 0.08510638297872342
Math 97 0.4482758620689655 0.41935483870967744 0.4333333333333333
Math 64 0.8888888888888888 0.4897959183673469 0.631578947368421
Math 90 0.7142857142857143 1.0 0.8333333333333333
Math 46 0.021052631578947368 1.0 0.041237113402061855
Math 79 0.00975609756097561 0.6666666666666666 0.019230769230769232
Math 41 0.00904977375565611 1.0 0.017937219730941707
Math 77 0.03757225433526012 1.0 0.07242339832869081
Math 48 0.4444444444444444 0.8 0.5714285714285714
Math 84 0.0 0.0 0
Math 24 0 0.0 0
Math 23 0.3333333333333333 0.3 0.3157894736842105
Math 4 0.8846153846153846 0.5 0.6388888888888888
Math 15 0.04799426934097421 0.9178082191780822 0.09121851599727707
Math 12 0.366 0.6120401337792643 0.45807259073842305
Math 85 0 0.0 0
Math 71 0.8596491228070176 1.0 0.9245283018867925
Math 76 0 0.0 0
Math 49 0 0.0 0
Math 40 0 0.0 0
Math 2 0 0.0 0
Math 13 0.8863636363636364 0.46987951807228917 0.6141732283464567
Math 14 0.9782608695652174 0.5 0.661764705882353
Math 22 0.9069767441860465 0.5909090909090909 0.7155963302752293
Time 20 0 0.0 0
Time 18 0.9058350100603622 1.0 0.9505912162162162
Time 27 0.5230352303523035 0.6498316498316499 0.5795795795795796
Time 9 0 0.0 0
Time 7 0.008882309400444115 0.5217391304347826 0.017467248908296942
Time 16 0.33281972265023113 0.6101694915254238 0.43070787637088737
Time 6 0 0.0 0
Time 17 0.9957894736842106 0.5287870318613751 0.6907630522088354
Time 1 0.9994931576279777 0.5219692959237692 0.685793774995653
Time 10 0 0.0 0
Time 19 0.18944591029023747 1.0 0.318544809228039
Time 26 0.9075451647183846 0.4828951088493073 0.630374607861229
Time 8 0.9565667011375388 0.9959623149394348 0.9758670710800474
Time 21 0 0.0 0
Time 24 0.9614643545279383 0.5076297049847406 0.6644474034620506
Time 23 0.0016797312430011197 0.42857142857142855 0.003346346904629113
Time 4 0.987012987012987 1.0 0.9934640522875817
Time 15 0.0014684287812041115 0.16666666666666666 0.0029112081513828236
Time 3 0.9785768936495792 1.0 0.9891724671307038
Time 2 0.9994931576279777 0.5219692959237692 0.685793774995653
Time 13 0 0.0 0
Time 5 0.005829358770535241 1.0 0.011591148577449948
Time 14 0 0.0 0
Time 22 0.9983461962513782 1.0 0.9991724137931035
Lang 61 0.06521739130434782 0.8571428571428571 0.12121212121212122
Lang 59 0 0.0 0
Lang 50 0.0 0.0 0
Lang 60 0.0 0.0 0
Lang 34 0.5526315789473685 1.0 0.711864406779661
Lang 20 0 0.0 0
Lang 18 0.9583333333333334 1.0 0.9787234042553191
Lang 27 0.034482758620689655 1.0 0.06666666666666667
Lang 9 0 0.0 0
Lang 7 0 0.0 0
Lang 16 0.024390243902439025 0.5 0.046511627906976744
Lang 42 0 0.0 0
Lang 6 0 0.0 0
Lang 28 0 0.0 0
Lang 17 0.9444444444444444 0.5 0.6538461538461539
Lang 1 0.045454545454545456 0.6666666666666666 0.08510638297872342
Lang 10 0 0.0 0
Lang 19 0.8695652173913043 1.0 0.9302325581395349
Lang 26 0.6382978723404256 1.0 0.7792207792207793
Lang 8 0.0 0.0 0
Lang 44 0.0 0.0 0
Lang 36 0.0 0.0 0
Lang 31 0.009950248756218905 1.0 0.019704433497536946
Lang 65 0.19047619047619047 1.0 0.32
Lang 54 0.0 0.0 0
Lang 30 0.08737864077669903 0.9473684210526315 0.16
Lang 37 0 0.0 0
Lang 39 0.0 0.0 0
Lang 55 0.3333333333333333 0.25 0.28571428571428575
Lang 63 0 0.0 0
Lang 64 0.0 0.0 0
Lang 46 0.3333333333333333 0.75 0.46153846153846156
Lang 41 0 0.0 0
Lang 15 0 0.0 0
Lang 3 0 0.0 0
Lang 12 0.0 0.0 0
Lang 40 0 0.0 0
Lang 47 0.0 0.0 0
Lang 2 0.5 0.2 0.28571428571428575
Lang 13 0.1111111111111111 0.4 0.1739130434782609
Lang 5 0.5 0.25 0.3333333333333333
Lang 14 0.00641025641025641 0.0625 0.011627906976744184
Lang 22 0 0.0 0
Mockito 35 0.03322784810126582 1.0 0.06431852986217458
Mockito 34 0 0.0 0
Mockito 20 0.9800307219662059 0.49611197511664074 0.6587506453278266
Mockito 18 0.9099099099099099 0.5044955044955045 0.6491002570694088
Mockito 27 0.8081936685288641 0.5028968713789108 0.62
Mockito 9 0.9864130434782609 1.0 0.9931600547195623
Mockito 11 0.9822616407982262 0.4966367713004484 0.659717051377513
Mockito 7 0.3333333333333333 0.6153846153846154 0.43243243243243246
Mockito 6 0.9853211009174312 0.49907063197026025 0.662553979025293
Mockito 1 0 0.0 0
Mockito 10 1.0 0.5013979496738118 0.6679081315952824
Mockito 26 0.979539641943734 0.496757457846952 0.6592082616179001
Mockito 38 0.9313725490196079 1.0 0.9644670050761421
Mockito 36 0 0.0 0
Mockito 31 0 0.0 0
Mockito 30 0.6629327902240326 1.0 0.7973055725658298
Mockito 24 0 0.0 0
Mockito 23 0.9961685823754789 0.5004812319538018 0.6662395900064063
Mockito 3 0.6376811594202898 0.48427672955974843 0.5504915102770331
Mockito 12 0.6 0.6666666666666666 0.631578947368421
Mockito 2 0.8666666666666667 0.5 0.6341463414634146
Mockito 22 0.49823321554770317 0.5320754716981132 0.5145985401459854
Mockito 25 0 0.0 0
Closure 61 0.9826261276311393 0.5026491198085797 0.6650836725463591
Closure 132 0 0.0 0
Closure 92 0.08960176991150443 0.525974025974026 0.15311909262759926
Closure 50 0.96 0.5106382978723404 0.6666666666666666
Closure 103 0 0.0 0
Closure 32 0.9972451790633609 0.5011867088607594 0.6671054363564565
Closure 105 0.9433962264150944 0.5 0.6535947712418301
Closure 67 0.8955223880597015 0.4878048780487805 0.6315789473684211
Closure 60 0.9467801134467801 1.0 0.9726626103350758
Closure 20 0.9783783783783784 0.5027777777777778 0.6642201834862386
Closure 11 0 0.0 0
Closure 29 0.3356164383561644 0.6049382716049383 0.43171806167400884
Closure 16 0.941025641025641 1.0 0.9696169088507266
Closure 116 0.04885057471264368 0.08095238095238096 0.06093189964157707
Closure 45 0.9318181818181818 0.4823529411764706 0.6356589147286822
Closure 127 0.3333333333333333 0.3111111111111111 0.32183908045977017
Closure 74 0.24705882352941178 0.8076923076923077 0.3783783783783784
Closure 120 0 0.0 0
Closure 6 0.9904091113442229 0.9998487140695915 0.9951065271399533
Closure 26 0.06118045923871167 1.0 0.11530641882079581
Closure 8 0 0.0 0
Closure 86 0.8020096762188315 1.0 0.8901280462618752
Closure 72 0.9952380952380953 0.5 0.6656050955414012
Closure 43 0.9765311043240636 1.0 0.9881262199089135
Closure 117 0 0.0 0
Closure 36 0.3020833333333333 0.25 0.27358490566037735
Closure 131 0.9979906229068989 0.5015146415348367 0.6675627240143369
Closure 62 0.0 0.0 0
Closure 96 0.853431562621171 0.4824638316527839 0.6164402744713626
Closure 54 0 0.0 0
Closure 98 1.0 0.5054054054054054 0.6714542190305206
Closure 53 1.0 0.036036036036036036 0.06956521739130435
Closure 37 0.9831881399969433 1.0 0.9915228113440198
Closure 39 0.8650548214787742 0.4719325153374233 0.6106976282623797
Closure 106 0.9933774834437086 0.5 0.6651884700665188
Closure 52 0.010520778537611783 0.8 0.020768431983385252
Closure 55 0.9791666666666666 1.0 0.9894736842105264
Closure 108 0.9867256637168141 0.5068181818181818 0.6696696696696697
Closure 63 0 0.0 0
Closure 130 0.9948006932409013 1.0 0.9973935708079931
Closure 64 0 0.0 0
Closure 90 0.6808087504143189 0.43992289569500964 0.5344782721831903
Closure 79 0.9922453295734931 0.5009788218544224 0.6657994323557236
Closure 112 0.994413407821229 0.4992209411031474 0.6647302904564316
Closure 41 0.9198365293932725 0.5048309178743962 0.651888158627604
Closure 115 0 0.0 0
Closure 83 0.3333333333333333 0.6 0.42857142857142855
Closure 123 0.9924309884238647 1.0 0.9962011173184357
Closure 48 0.38863783085861847 1.0 0.5597396559739656
Closure 84 0.9054834054834054 0.48709489617698426 0.6334384858044164
Closure 124 0.9810126582278481 1.0 0.9904153354632589
Closure 24 0 0.0 0
Closure 4 0 0.0 0
Closure 15 0.9760479041916168 0.49544072948328266 0.657258064516129
Closure 3 0.9720670391061452 1.0 0.9858356940509915
Closure 12 0.9715909090909091 0.5104477611940299 0.6692759295499022
Closure 85 0 0.0 0
Closure 71 0 0.0 0
Closure 125 0.08212970829793259 0.5731225296442688 0.14367104285360413
Closure 76 0.9532710280373832 1.0 0.9760765550239235
Closure 82 0.9072035231204781 0.49578820697954273 0.6411738550466874
Closure 49 0.9978260869565218 0.5177664974619289 0.681767545488303
Closure 122 0 0.0 0
Closure 40 0.9961685823754789 0.5029013539651838 0.6683804627249357
Closure 114 0.9968652037617555 0.6272189349112426 0.7699757869249395
Closure 47 0.9948536506915406 0.5025182778229083 0.6677461139896373
Closure 113 0.9968944099378882 0.9749430523917996 0.9857965451055662
Closure 78 0 0.0 0
Closure 2 0.9294169872743415 1.0 0.9634174399877291
Closure 13 0.9901315789473685 1.0 0.9950413223140495
Closure 5 0 0.0 0
Closure 14 0.0032943995208146153 1.0 0.006567164179104478
Closure 22 0 0.0 0
Closure 25 0.9979281767955801 0.5010402219140083 0.6671283471837488
Chart 20 0.847972972972973 1.0 0.9177330895795247
Chart 18 0 0.0 0
Chart 9 0.0625 1.0 0.11764705882352941
Chart 11 0.056818181818181816 1.0 0.1075268817204301
Chart 7 0.8 1.0 0.888888888888889
Chart 16 0.3 0.42857142857142855 0.3529411764705882
Chart 6 0.8291666666666667 0.5115681233933161 0.6327503974562797
Chart 17 0 0.0 0
Chart 1 0.043010752688172046 0.10810810810810811 0.06153846153846154
Chart 26 0.0962962962962963 0.7878787878787878 0.17161716171617158
Chart 8 0.0 0.0 0
Chart 21 0 0.0 0
Chart 4 0.1411764705882353 1.0 0.24742268041237114
Chart 15 0 0.0 0
Chart 3 0.0 0.0 0
Chart 12 0.57 1.0 0.7261146496815287
Chart 2 0 0.0 0
Chart 13 0.5714285714285714 0.7142857142857143 0.634920634920635
Chart 5 0.023809523809523808 1.0 0.046511627906976744
Chart 22 0.16666666666666666 1.0 0.2857142857142857
Math 61 0 0.0 0
Math 95 1.0 0.6470588235294118 0.7857142857142858
Math 92 0 0.0 0
Math 103 0.6 0.8571428571428571 0.7058823529411764
Math 32 0.782608695652174 1.0 0.878048780487805
Math 102 0.5333333333333333 0.5714285714285714 0.5517241379310344
Math 69 0.6666666666666666 0.4 0.5
Math 93 0.0 0.0 0
Math 94 0.40594059405940597 0.9111111111111111 0.5616438356164384
Math 34 0 0.0 0
Math 33 0 0.0 0
Math 20 0.6666666666666666 0.5333333333333333 0.5925925925925926
Math 18 0.058823529411764705 0.3333333333333333 0.1
Math 27 0.004784688995215311 1.0 0.009523809523809525
Math 11 0 0.0 0
Math 7 0.8809523809523809 0.6016260162601627 0.7149758454106281
Math 29 0.13157894736842105 0.5555555555555556 0.2127659574468085
Math 16 0.032974910394265235 0.4842105263157895 0.06174496644295303
Math 42 0.8571428571428571 0.6666666666666666 0.75
Math 89 0 0.0 0
Math 45 0.06928406466512702 1.0 0.12958963282937366
Math 87 0.875 0.5 0.6363636363636364
Math 74 0.9642857142857143 0.5294117647058824 0.6835443037974683
Math 6 0.7807017543859649 0.4472361809045226 0.5686900958466453
Math 17 0.32098765432098764 1.0 0.4859813084112149
Math 1 0.980327868852459 1.0 0.990066225165563
Math 26 0.5523809523809524 0.4461538461538462 0.4936170212765958
Math 21 0.2916666666666667 1.0 0.45161290322580644
Math 86 0.6666666666666666 0.6666666666666666 0.6666666666666666
Math 44 0 0.0 0
Math 43 0.7692307692307693 0.5 0.6060606060606061
Math 36 0.13636363636363635 0.15384615384615385 0.14457831325301204
Math 31 0 0.0 0
Math 65 0.7631578947368421 0.47540983606557374 0.5858585858585859
Math 96 0.21621621621621623 0.5517241379310345 0.31067961165048547
Math 100 0.16666666666666666 0.3076923076923077 0.21621621621621623
Math 54 0.30158730158730157 1.0 0.46341463414634143
Math 98 0.017543859649122806 0.25 0.03278688524590164
Math 53 0 0.0 0
Math 30 0.0 0.0 0
Math 37 0.02097902097902098 0.75 0.04081632653061225
Math 39 0.8695652173913043 1.0 0.9302325581395349
Math 99 0.19310344827586207 1.0 0.3236994219653179
Math 52 0.03571428571428571 1.0 0.0689655172413793
Math 101 0.3142857142857143 1.0 0.4782608695652174
Math 55 0.045454545454545456 0.6666666666666666 0.08510638297872342
Math 97 0.4482758620689655 0.41935483870967744 0.4333333333333333
Math 64 0.8888888888888888 0.4897959183673469 0.631578947368421
Math 90 0.7142857142857143 1.0 0.8333333333333333
Math 46 0.021052631578947368 1.0 0.041237113402061855
Math 79 0.00975609756097561 0.6666666666666666 0.019230769230769232
Math 41 0.00904977375565611 1.0 0.017937219730941707
Math 77 0.03757225433526012 1.0 0.07242339832869081
Math 48 0.4444444444444444 0.8 0.5714285714285714
Math 84 0.0 0.0 0
Math 24 0 0.0 0
Math 23 0.3333333333333333 0.3 0.3157894736842105
Math 4 0.8846153846153846 0.5 0.6388888888888888
Math 15 0.04799426934097421 0.9178082191780822 0.09121851599727707
Math 12 0.366 0.6120401337792643 0.45807259073842305
Math 85 0 0.0 0
Math 71 0.8596491228070176 1.0 0.9245283018867925
Math 76 0 0.0 0
Math 49 0 0.0 0
Math 40 0 0.0 0
Math 2 0 0.0 0
Math 13 0.8863636363636364 0.46987951807228917 0.6141732283464567
Math 14 0.9782608695652174 0.5 0.661764705882353
Math 22 0.9069767441860465 0.5909090909090909 0.7155963302752293
Time 20 0 0.0 0
Time 18 0.9058350100603622 1.0 0.9505912162162162
Time 27 0.5230352303523035 0.6498316498316499 0.5795795795795796
Time 9 0 0.0 0
Time 7 0.008882309400444115 0.5217391304347826 0.017467248908296942
Time 16 0.33281972265023113 0.6101694915254238 0.43070787637088737
Time 6 0 0.0 0
Time 17 0.9957894736842106 0.5287870318613751 0.6907630522088354
Time 1 0.9994931576279777 0.5219692959237692 0.685793774995653
Time 10 0 0.0 0
Time 19 0.18944591029023747 1.0 0.318544809228039
Time 26 0.9075451647183846 0.4828951088493073 0.630374607861229
Time 8 0.9565667011375388 0.9959623149394348 0.9758670710800474
Time 21 0 0.0 0
Time 24 0.9614643545279383 0.5076297049847406 0.6644474034620506
Time 23 0.0016797312430011197 0.42857142857142855 0.003346346904629113
Time 4 0.987012987012987 1.0 0.9934640522875817
Time 15 0.0014684287812041115 0.16666666666666666 0.0029112081513828236
Time 3 0.9785768936495792 1.0 0.9891724671307038
Time 2 0.9994931576279777 0.5219692959237692 0.685793774995653
Time 13 0 0.0 0
Time 5 0.005829358770535241 1.0 0.011591148577449948
Time 14 0 0.0 0
Time 22 0.9983461962513782 1.0 0.9991724137931035
Lang 61 0.06521739130434782 0.8571428571428571 0.12121212121212122
Lang 59 0 0.0 0
Lang 50 0.0 0.0 0
Lang 60 0.0 0.0 0
Lang 34 0.5526315789473685 1.0 0.711864406779661
Lang 20 0 0.0 0
Lang 18 0.9583333333333334 1.0 0.9787234042553191
Lang 27 0.034482758620689655 1.0 0.06666666666666667
Lang 9 0 0.0 0
Lang 7 0 0.0 0
Lang 16 0.024390243902439025 0.5 0.046511627906976744
Lang 42 0 0.0 0
Lang 6 0 0.0 0
Lang 28 0 0.0 0
Lang 17 0.9444444444444444 0.5 0.6538461538461539
Lang 1 0.045454545454545456 0.6666666666666666 0.08510638297872342
Lang 10 0 0.0 0
Lang 19 0.8695652173913043 1.0 0.9302325581395349
Lang 26 0.6382978723404256 1.0 0.7792207792207793
Lang 8 0.0 0.0 0
Lang 44 0.0 0.0 0
Lang 36 0.0 0.0 0
Lang 31 0.009950248756218905 1.0 0.019704433497536946
Lang 65 0.19047619047619047 1.0 0.32
Lang 54 0.0 0.0 0
Lang 30 0.08737864077669903 0.9473684210526315 0.16
Lang 37 0 0.0 0
Lang 39 0.0 0.0 0
Lang 55 0.3333333333333333 0.25 0.28571428571428575
Lang 63 0 0.0 0
Lang 64 0.0 0.0 0
Lang 46 0.3333333333333333 0.75 0.46153846153846156
Lang 41 0 0.0 0
Lang 15 0 0.0 0
Lang 3 0 0.0 0
Lang 12 0.0 0.0 0
Lang 40 0 0.0 0
Lang 47 0.0 0.0 0
Lang 2 0.5 0.2 0.28571428571428575
Lang 13 0.1111111111111111 0.4 0.1739130434782609
Lang 5 0.5 0.25 0.3333333333333333
Lang 14 0.00641025641025641 0.0625 0.011627906976744184
Lang 22 0 0.0 0
Mockito 35 0.03322784810126582 1.0 0.06431852986217458
Mockito 34 0 0.0 0
Mockito 20 0.9800307219662059 0.49611197511664074 0.6587506453278266
Mockito 18 0.9099099099099099 0.5044955044955045 0.6491002570694088
Mockito 27 0.8081936685288641 0.5028968713789108 0.62
Mockito 9 0.9864130434782609 1.0 0.9931600547195623
Mockito 11 0.9822616407982262 0.4966367713004484 0.659717051377513
Mockito 7 0.3333333333333333 0.6153846153846154 0.43243243243243246
Mockito 6 0.9853211009174312 0.49907063197026025 0.662553979025293
Mockito 1 0 0.0 0
Mockito 10 1.0 0.5013979496738118 0.6679081315952824
Mockito 26 0.979539641943734 0.496757457846952 0.6592082616179001
Mockito 38 0.9313725490196079 1.0 0.9644670050761421
Mockito 36 0 0.0 0
Mockito 31 0 0.0 0
Mockito 30 0.6629327902240326 1.0 0.7973055725658298
Mockito 24 0 0.0 0
Mockito 23 0.9961685823754789 0.5004812319538018 0.6662395900064063
Mockito 3 0.6376811594202898 0.48427672955974843 0.5504915102770331
Mockito 12 0.6 0.6666666666666666 0.631578947368421
Mockito 2 0.8666666666666667 0.5 0.6341463414634146
Mockito 22 0.49823321554770317 0.5320754716981132 0.5145985401459854
Mockito 25 0 0.0 0
Closure 61 0.9826261276311393 0.5026491198085797 0.6650836725463591
Closure 132 0 0.0 0
Closure 92 0.08960176991150443 0.525974025974026 0.15311909262759926
Closure 50 0.96 0.5106382978723404 0.6666666666666666
Closure 103 0 0.0 0
Closure 32 0.9972451790633609 0.5011867088607594 0.6671054363564565
Closure 105 0.9433962264150944 0.5 0.6535947712418301
Closure 67 0.8955223880597015 0.4878048780487805 0.6315789473684211
Closure 60 0.9467801134467801 1.0 0.9726626103350758
Closure 20 0.9783783783783784 0.5027777777777778 0.6642201834862386
Closure 11 0 0.0 0
Closure 29 0.3356164383561644 0.6049382716049383 0.43171806167400884
Closure 16 0.941025641025641 1.0 0.9696169088507266
Closure 116 0.04885057471264368 0.08095238095238096 0.06093189964157707
Closure 45 0.9318181818181818 0.4823529411764706 0.6356589147286822
Closure 127 0.3333333333333333 0.3111111111111111 0.32183908045977017
Closure 74 0.24705882352941178 0.8076923076923077 0.3783783783783784
Closure 120 0 0.0 0
Closure 6 0.9904091113442229 0.9998487140695915 0.9951065271399533
Closure 26 0.06118045923871167 1.0 0.11530641882079581
Closure 8 0 0.0 0
Closure 86 0.8020096762188315 1.0 0.8901280462618752
Closure 72 0.9952380952380953 0.5 0.6656050955414012
Closure 43 0.9765311043240636 1.0 0.9881262199089135
Closure 117 0 0.0 0
Closure 36 0.3020833333333333 0.25 0.27358490566037735
Closure 131 0.9979906229068989 0.5015146415348367 0.6675627240143369
Closure 62 0.0 0.0 0
Closure 96 0.853431562621171 0.4824638316527839 0.6164402744713626
Closure 54 0 0.0 0
Closure 98 1.0 0.5054054054054054 0.6714542190305206
Closure 53 1.0 0.036036036036036036 0.06956521739130435
Closure 37 0.9831881399969433 1.0 0.9915228113440198
Closure 39 0.8650548214787742 0.4719325153374233 0.6106976282623797
Closure 106 0.9933774834437086 0.5 0.6651884700665188
Closure 52 0.010520778537611783 0.8 0.020768431983385252
Closure 55 0.9791666666666666 1.0 0.9894736842105264
Closure 108 0.9867256637168141 0.5068181818181818 0.6696696696696697
Closure 63 0 0.0 0
Closure 130 0.9948006932409013 1.0 0.9973935708079931
Closure 64 0 0.0 0
Closure 90 0.6808087504143189 0.43992289569500964 0.5344782721831903
Closure 79 0.9922453295734931 0.5009788218544224 0.6657994323557236
Closure 112 0.994413407821229 0.4992209411031474 0.6647302904564316
Closure 41 0.9198365293932725 0.5048309178743962 0.651888158627604
Closure 115 0 0.0 0
Closure 83 0.3333333333333333 0.6 0.42857142857142855
Closure 123 0.9924309884238647 1.0 0.9962011173184357
Closure 48 0.38863783085861847 1.0 0.5597396559739656
Closure 84 0.9054834054834054 0.48709489617698426 0.6334384858044164
Closure 124 0.9810126582278481 1.0 0.9904153354632589
Closure 24 0 0.0 0
Closure 4 0 0.0 0
Closure 15 0.9760479041916168 0.49544072948328266 0.657258064516129
Closure 3 0.9720670391061452 1.0 0.9858356940509915
Closure 12 0.9715909090909091 0.5104477611940299 0.6692759295499022
Closure 85 0 0.0 0
Closure 71 0 0.0 0
Closure 125 0.08212970829793259 0.5731225296442688 0.14367104285360413
Closure 76 0.9532710280373832 1.0 0.9760765550239235
Closure 82 0.9072035231204781 0.49578820697954273 0.6411738550466874
Closure 49 0.9978260869565218 0.5177664974619289 0.681767545488303
Closure 122 0 0.0 0
Closure 40 0.9961685823754789 0.5029013539651838 0.6683804627249357
Closure 114 0.9968652037617555 0.6272189349112426 0.7699757869249395
Closure 47 0.9948536506915406 0.5025182778229083 0.6677461139896373
Closure 113 0.9968944099378882 0.9749430523917996 0.9857965451055662
Closure 78 0 0.0 0
Closure 2 0.9294169872743415 1.0 0.9634174399877291
Closure 13 0.9901315789473685 1.0 0.9950413223140495
Closure 5 0 0.0 0
Closure 14 0.0032943995208146153 1.0 0.006567164179104478
Closure 22 0 0.0 0
Closure 25 0.9979281767955801 0.5010402219140083 0.6671283471837488
Chart 20 0.847972972972973 1.0 0.9177330895795247
Chart 18 0 0.0 0
Chart 9 0.0625 1.0 0.11764705882352941
Chart 11 0.056818181818181816 1.0 0.1075268817204301
Chart 7 0.8 1.0 0.888888888888889
Chart 16 0.3 0.42857142857142855 0.3529411764705882
Chart 6 0.8291666666666667 0.5115681233933161 0.6327503974562797
Chart 17 0 0.0 0
Chart 1 0.043010752688172046 0.10810810810810811 0.06153846153846154
Chart 26 0.0962962962962963 0.7878787878787878 0.17161716171617158
Chart 8 0.0 0.0 0
Chart 21 0 0.0 0
Chart 4 0.1411764705882353 1.0 0.24742268041237114
Chart 15 0 0.0 0
Chart 3 0.0 0.0 0
Chart 12 0.57 1.0 0.7261146496815287
Chart 2 0 0.0 0
Chart 13 0.5714285714285714 0.7142857142857143 0.634920634920635
Chart 5 0.023809523809523808 1.0 0.046511627906976744
Chart 22 0.16666666666666666 1.0 0.2857142857142857
Math 61 0 0.0 0
Math 95 1.0 0.6470588235294118 0.7857142857142858
Math 92 0 0.0 0
Math 103 0.6 0.8571428571428571 0.7058823529411764
Math 32 0.782608695652174 1.0 0.878048780487805
Math 102 0.5333333333333333 0.5714285714285714 0.5517241379310344
Math 69 0.6666666666666666 0.4 0.5
Math 93 0.0 0.0 0
Math 94 0.40594059405940597 0.9111111111111111 0.5616438356164384
Math 34 0 0.0 0
Math 33 0 0.0 0
Math 20 0.6666666666666666 0.5333333333333333 0.5925925925925926
Math 18 0.058823529411764705 0.3333333333333333 0.1
Math 27 0.004784688995215311 1.0 0.009523809523809525
Math 11 0 0.0 0
Math 7 0.8809523809523809 0.6016260162601627 0.7149758454106281
Math 29 0.13157894736842105 0.5555555555555556 0.2127659574468085
Math 16 0.032974910394265235 0.4842105263157895 0.06174496644295303
Math 42 0.8571428571428571 0.6666666666666666 0.75
Math 89 0 0.0 0
Math 45 0.06928406466512702 1.0 0.12958963282937366
Math 87 0.875 0.5 0.6363636363636364
Math 74 0.9642857142857143 0.5294117647058824 0.6835443037974683
Math 6 0.7807017543859649 0.4472361809045226 0.5686900958466453
Math 17 0.32098765432098764 1.0 0.4859813084112149
Math 1 0.980327868852459 1.0 0.990066225165563
Math 26 0.5523809523809524 0.4461538461538462 0.4936170212765958
Math 21 0.2916666666666667 1.0 0.45161290322580644
Math 86 0.6666666666666666 0.6666666666666666 0.6666666666666666
Math 44 0 0.0 0
Math 43 0.7692307692307693 0.5 0.6060606060606061
Math 36 0.13636363636363635 0.15384615384615385 0.14457831325301204
Math 31 0 0.0 0
Math 65 0.7631578947368421 0.47540983606557374 0.5858585858585859
Math 96 0.21621621621621623 0.5517241379310345 0.31067961165048547
Math 100 0.16666666666666666 0.3076923076923077 0.21621621621621623
Math 54 0.30158730158730157 1.0 0.46341463414634143
Math 98 0.017543859649122806 0.25 0.03278688524590164
Math 53 0 0.0 0
Math 30 0.0 0.0 0
Math 37 0.02097902097902098 0.75 0.04081632653061225
Math 39 0.8695652173913043 1.0 0.9302325581395349
Math 99 0.19310344827586207 1.0 0.3236994219653179
Math 52 0.03571428571428571 1.0 0.0689655172413793
Math 101 0.3142857142857143 1.0 0.4782608695652174
Math 55 0.045454545454545456 0.6666666666666666 0.08510638297872342
Math 97 0.4482758620689655 0.41935483870967744 0.4333333333333333
Math 64 0.8888888888888888 0.4897959183673469 0.631578947368421
Math 90 0.7142857142857143 1.0 0.8333333333333333
Math 46 0.021052631578947368 1.0 0.041237113402061855
Math 79 0.00975609756097561 0.6666666666666666 0.019230769230769232
Math 41 0.00904977375565611 1.0 0.017937219730941707
Math 77 0.03757225433526012 1.0 0.07242339832869081
Math 48 0.4444444444444444 0.8 0.5714285714285714
Math 84 0.0 0.0 0
Math 24 0 0.0 0
Math 23 0.3333333333333333 0.3 0.3157894736842105
Math 4 0.8846153846153846 0.5 0.6388888888888888
Math 15 0.04799426934097421 0.9178082191780822 0.09121851599727707
Math 12 0.366 0.6120401337792643 0.45807259073842305
Math 85 0 0.0 0
Math 71 0.8596491228070176 1.0 0.9245283018867925
Math 76 0 0.0 0
Math 49 0 0.0 0
Math 40 0 0.0 0
Math 2 0 0.0 0
Math 13 0.8863636363636364 0.46987951807228917 0.6141732283464567
Math 14 0.9782608695652174 0.5 0.661764705882353
Math 22 0.9069767441860465 0.5909090909090909 0.7155963302752293
Time 20 0 0.0 0
Time 18 0.9058350100603622 1.0 0.9505912162162162
Time 27 0.5230352303523035 0.6498316498316499 0.5795795795795796
Time 9 0 0.0 0
Time 7 0.008882309400444115 0.5217391304347826 0.017467248908296942
Time 16 0.33281972265023113 0.6101694915254238 0.43070787637088737
Time 6 0 0.0 0
Time 17 0.9957894736842106 0.5287870318613751 0.6907630522088354
Time 1 0.9994931576279777 0.5219692959237692 0.685793774995653
Time 10 0 0.0 0
Time 19 0.18944591029023747 1.0 0.318544809228039
Time 26 0.9075451647183846 0.4828951088493073 0.630374607861229
Time 8 0.9565667011375388 0.9959623149394348 0.9758670710800474
Time 21 0 0.0 0
Time 24 0.9614643545279383 0.5076297049847406 0.6644474034620506
Time 23 0.0016797312430011197 0.42857142857142855 0.003346346904629113
Time 4 0.987012987012987 1.0 0.9934640522875817
Time 15 0.0014684287812041115 0.16666666666666666 0.0029112081513828236
Time 3 0.9785768936495792 1.0 0.9891724671307038
Time 2 0.9994931576279777 0.5219692959237692 0.685793774995653
Time 13 0 0.0 0
Time 5 0.005829358770535241 1.0 0.011591148577449948
Time 14 0 0.0 0
Time 22 0.9983461962513782 1.0 0.9991724137931035
Lang 61 0.06521739130434782 0.8571428571428571 0.12121212121212122
Lang 59 0 0.0 0
Lang 50 0.0 0.0 0
Lang 60 0.0 0.0 0
Lang 34 0.5526315789473685 1.0 0.711864406779661
Lang 20 0 0.0 0
Lang 18 0.9583333333333334 1.0 0.9787234042553191
Lang 27 0.034482758620689655 1.0 0.06666666666666667
Lang 9 0 0.0 0
Lang 7 0 0.0 0
Lang 16 0.024390243902439025 0.5 0.046511627906976744
Lang 42 0 0.0 0
Lang 6 0 0.0 0
Lang 28 0 0.0 0
Lang 17 0.9444444444444444 0.5 0.6538461538461539
Lang 1 0.045454545454545456 0.6666666666666666 0.08510638297872342
Lang 10 0 0.0 0
Lang 19 0.8695652173913043 1.0 0.9302325581395349
Lang 26 0.6382978723404256 1.0 0.7792207792207793
Lang 8 0.0 0.0 0
Lang 44 0.0 0.0 0
Lang 36 0.0 0.0 0
Lang 31 0.009950248756218905 1.0 0.019704433497536946
Lang 65 0.19047619047619047 1.0 0.32
Lang 54 0.0 0.0 0
Lang 30 0.08737864077669903 0.9473684210526315 0.16
Lang 37 0 0.0 0
Lang 39 0.0 0.0 0
Lang 55 0.3333333333333333 0.25 0.28571428571428575
Lang 63 0 0.0 0
Lang 64 0.0 0.0 0
Lang 46 0.3333333333333333 0.75 0.46153846153846156
Lang 41 0 0.0 0
Lang 15 0 0.0 0
Lang 3 0 0.0 0
Lang 12 0.0 0.0 0
Lang 40 0 0.0 0
Lang 47 0.0 0.0 0
Lang 2 0.5 0.2 0.28571428571428575
Lang 13 0.1111111111111111 0.4 0.1739130434782609
Lang 5 0.5 0.25 0.3333333333333333
Lang 14 0.00641025641025641 0.0625 0.011627906976744184
Lang 22 0 0.0 0
Mockito 35 0.03322784810126582 1.0 0.06431852986217458
Mockito 34 0 0.0 0
Mockito 20 0.9800307219662059 0.49611197511664074 0.6587506453278266
Mockito 18 0.9099099099099099 0.5044955044955045 0.6491002570694088
Mockito 27 0.8081936685288641 0.5028968713789108 0.62
Mockito 9 0.9864130434782609 1.0 0.9931600547195623
Mockito 11 0.9822616407982262 0.4966367713004484 0.659717051377513
Mockito 7 0.3333333333333333 0.6153846153846154 0.43243243243243246
Mockito 6 0.9853211009174312 0.49907063197026025 0.662553979025293
Mockito 1 0 0.0 0
Mockito 10 1.0 0.5013979496738118 0.6679081315952824
Mockito 26 0.979539641943734 0.496757457846952 0.6592082616179001
Mockito 38 0.9313725490196079 1.0 0.9644670050761421
Mockito 36 0 0.0 0
Mockito 31 0 0.0 0
Mockito 30 0.6629327902240326 1.0 0.7973055725658298
Mockito 24 0 0.0 0
Mockito 23 0.9961685823754789 0.5004812319538018 0.6662395900064063
Mockito 3 0.6376811594202898 0.48427672955974843 0.5504915102770331
Mockito 12 0.6 0.6666666666666666 0.631578947368421
Mockito 2 0.8666666666666667 0.5 0.6341463414634146
Mockito 22 0.49823321554770317 0.5320754716981132 0.5145985401459854
Mockito 25 0 0.0 0
